0.639988 1.58793 0.0288363 18.0566 162.454 76.0763 2022_06_24_17_33_45
0.636985 0 0 19.4608 77.725 36.3982 2022_06_24_17_33_45
0 0 0 12.0013 47.9323 22.4465 2022_06_24_17_33_45
1.50678 0 0 13.4605 32.3145 15.1327 2022_06_24_17_33_45
0.650974 0 0 17.8245 22.6636 10.6133 2022_06_24_17_33_45
0.640821 0 0 20.2727 16.2039 7.58819 2022_06_24_17_33_45
0.642192 0 0 22.8327 11.6993 5.47873 2022_06_24_17_33_46
0.635459 0 0 25.2432 8.49011 3.97588 2022_06_24_17_33_46
0.638143 0 0 27.7248 6.17774 2.89301 2022_06_24_17_33_46
0.697251 1.30434 0 52.4409 49.9517 2.10805 2022_06_24_17_33_46
0.668411 1.27421 0 69.2196 81.5262 1.53723 2022_06_24_17_33_46
0.656132 1.26294 0 80.7549 104.384 1.12143 2022_06_24_17_33_46
0.625396 1.22301 0 87.3454 120.522 0.81827 2022_06_24_17_33_46
0.441616 0.212808 0 74.1971 94.2206 0.597132 2022_06_24_17_33_46
0.442016 0.214427 0 65.6474 75.0914 0.435783 2022_06_24_17_33_46
0 0 0 47.9106 54.803 0.318042 2022_06_24_17_33_46
0.64221 0 0 49.5118 39.9968 0.232116 2022_06_24_17_33_46
0 0 0 36.1355 29.1911 0.169407 2022_06_24_17_33_46
0 0 0 26.3731 21.3048 0.12364 2022_06_24_17_33_46
0 0 0 19.2482 15.5492 0.0902376 2022_06_24_17_33_47
0 0 0 14.0482 11.3484 0.0658592 2022_06_24_17_33_47
0 0 0 10.253 8.28259 0.0480669 2022_06_24_17_33_47
0.644797 0 0 24.5475 6.04499 0.0350813 2022_06_24_17_33_47
0 0 0 17.9159 4.4119 0.0256039 2022_06_24_17_33_47
0 0 0 13.0758 3.22 0.0186868 2022_06_24_17_33_47
0 0 0 9.54328 2.35009 0.0136385 2022_06_24_17_33_47
0.19258 0.807255 0 29.0749 42.3565 0.00995395 2022_06_24_17_33_47
0.181856 0.806418 0 43.9199 72.5602 0.00726483 2022_06_24_17_33_47
0 0 0 32.0547 52.9576 0.00530219 2022_06_24_17_33_47
0 0 0 23.3949 38.6508 0.00386977 2022_06_24_17_33_47
0 0 0 17.0746 28.209 0.00282433 2022_06_24_17_33_47
0 0 0 12.4618 20.5882 0.00206132 2022_06_24_17_33_47
0 0 0 9.09517 15.0262 0.00150444 2022_06_24_17_33_48
0 0 0 6.63805 10.9668 0.00109801 2022_06_24_17_33_48
0 0 0 4.84474 8.00402 0.000801373 2022_06_24_17_33_48
0 0 0 3.5359 5.84168 0.000584877 2022_06_24_17_33_48
0 0 0 2.58066 4.26351 0.000426869 2022_06_24_17_33_48
0 0 0 1.88348 3.1117 0.000311548 2022_06_24_17_33_48
0.443031 0.202471 0 16.9308 9.43752 0.000227381 2022_06_24_17_33_48
0 0 0 12.3568 6.88791 0.000165953 2022_06_24_17_33_48
0 0 0 9.01857 5.0271 0.00012112 2022_06_24_17_33_48
0 0 0 6.58214 3.669 8.83983e-05 2022_06_24_17_33_48
0 0 0 4.80394 2.67779 6.4517e-05 2022_06_24_17_33_48
0 0 0 3.50612 1.95437 4.70873e-05 2022_06_24_17_33_48
0 0 0 2.55892 1.42639 3.43664e-05 2022_06_24_17_33_48
0.450043 0.199525 0 19.5425 8.07273 2.50821e-05 2022_06_24_17_33_49
0 0 0 14.263 5.89183 1.8306e-05 2022_06_24_17_33_49
0.451862 0.199545 0 29.0478 11.3138 1.33605e-05 2022_06_24_17_33_49
0 0 0 21.2003 8.25731 9.7511e-06 2022_06_24_17_33_49
0.455809 0.198567 0 34.6918 13.0056 7.11678e-06 2022_06_24_17_33_49
0 0 0 25.3196 9.49204 5.19414e-06 2022_06_24_17_33_49
0.459233 0.198604 0 38.0871 13.9973 3.79091e-06 2022_06_24_17_33_49
0 0 0 27.7976 10.2159 2.76677e-06 2022_06_24_17_33_49
0 0 0 20.2879 7.45598 2.01931e-06 2022_06_24_17_33_49
0 0 0 14.807 5.4417 1.47378e-06 2022_06_24_17_33_49
0.464347 0.199587 0 30.7675 11.0376 1.07563e-06 2022_06_24_17_33_49
0 0 0 22.4554 8.05572 7.85042e-07 2022_06_24_17_33_49
0.465419 0.200633 0 36.0308 12.9577 5.72958e-07 2022_06_24_17_33_50
0.650415 0 0 47.8404 9.45708 4.1817e-07 2022_06_24_17_33_50
0.463359 0.200572 0 54.581 13.9164 3.05199e-07 2022_06_24_17_33_50
0.464835 0.199587 0 59.5852 17.0062 2.22747e-07 2022_06_24_17_33_50
0 0 0 43.4879 12.4119 1.62571e-07 2022_06_24_17_33_50
0 0 0 31.7394 9.05875 1.18651e-07 2022_06_24_17_33_50
0 0 0 23.1648 6.61147 8.65969e-08 2022_06_24_17_33_50
0 0 0 16.9067 4.82534 6.32022e-08 2022_06_24_17_33_50
0 0 0 12.3392 3.52175 4.61277e-08 2022_06_24_17_33_50
0 0 0 9.00571 2.57032 3.3666e-08 2022_06_24_17_33_50
0 0 0 6.57276 1.87594 2.45709e-08 2022_06_24_17_33_50
0 0 0 4.79709 1.36914 1.7933e-08 2022_06_24_17_33_50
0 0 0 3.50113 0.999258 1.30883e-08 2022_06_24_17_33_50
0 0 0 2.55528 0.729302 9.55238e-09 2022_06_24_17_33_51
0 0 0 1.86495 0.532277 6.97175e-09 2022_06_24_17_33_51
0 0 0 1.36112 0.388479 5.08829e-09 2022_06_24_17_33_51
0 0 0 0.993408 0.283529 3.71365e-09 2022_06_24_17_33_51
0 0 0 0.725033 0.206932 2.71039e-09 2022_06_24_17_33_51
0 0 0 0.52916 0.151028 1.97816e-09 2022_06_24_17_33_51
0 0 0 0.386204 0.110227 1.44375e-09 2022_06_24_17_33_51
0 0 0 0.281869 0.0804483 1.05371e-09 2022_06_24_17_33_51
0 0 0 0.20572 0.0587147 7.69044e-10 2022_06_24_17_33_51
0 0 0 0.150144 0.0428526 5.61282e-10 2022_06_24_17_33_51
0 0 0 0.109581 0.0312757 4.09648e-10 2022_06_24_17_33_51
0 0 0 0.0799773 0.0228264 2.98979e-10 2022_06_24_17_33_51
0 0 0 0.058371 0.0166597 2.18208e-10 2022_06_24_17_33_51
0.642492 0 0 27.9365 0.012159 1.59258e-10 2022_06_24_17_33_52
0.645908 0 0 47.9624 0.00887414 1.16233e-10 2022_06_24_17_33_52
0 0 0 35.005 0.00647674 8.48321e-11 2022_06_24_17_33_52
0 0 0 25.5482 0.00472701 6.19142e-11 2022_06_24_17_33_52
0 0 0 18.6462 0.00344998 4.51877e-11 2022_06_24_17_33_52
0 0 0 13.6088 0.00251794 3.298e-11 2022_06_24_17_33_52
0 0 0 9.93231 0.00183771 2.40702e-11 2022_06_24_17_33_52
0 0 0 7.24903 0.00134124 1.75675e-11 2022_06_24_17_33_52
0 0 0 5.29066 0.000978894 1.28215e-11 2022_06_24_17_33_52
0 0 0 3.86136 0.00071444 9.35771e-12 2022_06_24_17_33_52
0 0 0 2.81819 0.00052143 6.82967e-12 2022_06_24_17_33_52
0 0 0 2.05684 0.000380562 4.98459e-12 2022_06_24_17_33_52
0 0 0 1.50117 0.000277751 3.63797e-12 2022_06_24_17_33_53
0 0 0 1.09562 0.000202715 2.65515e-12 2022_06_24_17_33_53
0 0 0 0.799631 0.00014795 1.93785e-12 2022_06_24_17_33_53
0 0 0 0.583606 0.00010798 1.41433e-12 2022_06_24_17_33_53
0 0 0 0.425941 7.88089e-05 1.03224e-12 2022_06_24_17_33_53
0 0 0 0.31087 5.75182e-05 7.53371e-13 2022_06_24_17_33_53
0 0 0 0.226887 4.19793e-05 5.49843e-13 2022_06_24_17_33_53
0 0 0 0.165592 3.06383e-05 4.013e-13 2022_06_24_17_33_53
0 0 0 0.120856 2.23612e-05 2.92886e-13 2022_06_24_17_33_53
0 0 0 0.0882062 1.63202e-05 2.13761e-13 2022_06_24_17_33_53
0 0 0 0.0643767 1.19112e-05 1.56012e-13 2022_06_24_17_33_53
0 0 0 0.046985 8.6933e-06 1.13865e-13 2022_06_24_17_33_53
0 0 0 0.0342917 6.34475e-06 8.31034e-14 2022_06_24_17_33_54
0.332494 0.893733 0 12.9885 40.0461 6.06525e-14 2022_06_24_17_33_54
0 0 0 9.47957 29.2274 4.42668e-14 2022_06_24_17_33_54
0 0 0 6.9186 21.3314 3.23079e-14 2022_06_24_17_33_54
0 0 0 5.0495 15.5686 2.35797e-14 2022_06_24_17_33_54
0 0 0 3.68535 11.3627 1.72095e-14 2022_06_24_17_33_54
0 0 0 2.68973 8.29296 1.25602e-14 2022_06_24_17_33_54
0 0 0 1.96308 6.05257 9.16701e-15 2022_06_24_17_33_54
0 0 0 1.43274 4.41743 6.69049e-15 2022_06_24_17_33_54
0 0 0 1.04568 3.22403 4.88301e-15 2022_06_24_17_33_54
0.27495 0.835794 0 24.7575 32.1414 3.56384e-15 2022_06_24_17_33_54
0 0 0 18.0691 23.4582 2.60104e-15 2022_06_24_17_33_54
0.303919 0.871245 0 36.5248 47.7695 1.89836e-15 2022_06_24_17_33_55
0 0 0 26.6574 34.8643 1.3855e-15 2022_06_24_17_33_55
0.490986 0.33151 0 64.566 33.5695 1.0112e-15 2022_06_24_17_33_55
0.495381 0.331884 0 92.1245 33.0727 7.38019e-16 2022_06_24_17_33_55
0.805116 0 0 114.296 24.1379 5.38638e-16 2022_06_24_17_33_55
0.805964 0 0 130.514 17.6169 3.93122e-16 2022_06_24_17_33_55
0.812403 0 0 142.371 12.8576 2.86917e-16 2022_06_24_17_33_55
0.817574 0 0 151.13 9.38404 2.09405e-16 2022_06_24_17_33_55
0.82231 0 0 157.599 6.84888 1.52833e-16 2022_06_24_17_33_55
0.327997 0.992134 0 135.849 37.7711 1.11544e-16 2022_06_24_17_33_55
0.334285 0.99318 0 103.326 60.0476 8.14098e-17 2022_06_24_17_33_55
0.327559 0.987797 0 79.7148 76.1541 5.94164e-17 2022_06_24_17_33_56
0.322082 0.983506 0 79.5646 87.7545 4.33647e-17 2022_06_24_17_33_56
0.846897 0 0 105.331 64.0471 3.16495e-17 2022_06_24_17_33_56
0.324297 0.978144 0 98.2557 79.2035 2.30992e-17 2022_06_24_17_33_56
0.31258 0.969563 0 75.5405 89.7948 1.68588e-17 2022_06_24_17_33_56
0 0 0 55.1328 65.5362 1.23043e-17 2022_06_24_17_33_56
0.316769 0.970647 0 44.0644 79.796 8.9802e-18 2022_06_24_17_33_56
0.325462 0.964201 0 35.9547 89.9133 6.55414e-18 2022_06_24_17_33_56
0.325071 0.960983 0 48.254 97.3466 4.7835e-18 2022_06_24_17_33_56
0.314479 0.96001 0 56.7032 103.101 3.49121e-18 2022_06_24_17_33_56
0.320831 0.956866 0 62.883 107.419 2.54804e-18 2022_06_24_17_33_56
0.317915 0.938722 0 67.6319 110.407 1.85967e-18 2022_06_24_17_33_57
0.311628 0.925848 0 71.5258 112.082 1.35727e-18 2022_06_24_17_33_57
0.30058 0.909826 0 74.8386 112.849 9.90594e-19 2022_06_24_17_33_57
0.30309 0.889559 0 77.6546 113.246 7.22979e-19 2022_06_24_17_33_57
0.292839 0.880038 0 79.939 113.302 5.27661e-19 2022_06_24_17_33_57
0.29583 0.877891 0 81.7112 113.176 3.8511e-19 2022_06_24_17_33_57
0.290615 0.863128 0 83.5783 112.465 2.8107e-19 2022_06_24_17_33_57
0.821847 0 0 107.937 82.0817 2.05138e-19 2022_06_24_17_33_57
0 0 0 78.7771 59.9068 1.49718e-19 2022_06_24_17_33_57
0.260344 0.838329 0 81.2165 73.6172 1.09271e-19 2022_06_24_17_33_57
0 0 0 59.2754 53.7291 7.97508e-20 2022_06_24_17_33_57
0.280548 0.89236 0 65.14 70.9227 5.82056e-20 2022_06_24_17_33_58
0.295818 0.912333 0 69.3736 83.7889 4.2481e-20 2022_06_24_17_33_58
0.300668 0.9338 0 72.0093 93.394 3.10045e-20 2022_06_24_17_33_58
0.30797 0.942761 0 74.1537 100.426 2.26284e-20 2022_06_24_17_33_58
0.309284 0.948756 0 75.6814 105.612 1.65152e-20 2022_06_24_17_33_58
0.320344 0.966384 0 76.4972 109.677 1.20535e-20 2022_06_24_17_33_58
0.307695 0.972623 0 77.7327 111.736 8.7972e-21 2022_06_24_17_33_58
0.307901 0.966815 0 57.5433 111.515 6.42058e-21 2022_06_24_17_33_58
0.287361 0.946607 0 45.0933 109.604 4.68602e-21 2022_06_24_17_33_58
0.312725 0.9243 0 39.5136 106.119 3.42006e-21 2022_06_24_17_33_58
0.302037 0.892995 0 41.1767 101.938 2.49611e-21 2022_06_24_17_33_58
0.318157 0.889731 0 44.7393 98.4699 1.82177e-21 2022_06_24_17_33_59
0.304961 0.336605 0.993339 52.0784 98.6012 31.984 2022_06_24_17_33_59
0.31544 0.341373 0.987139 60.1692 101.065 54.6699 2022_06_24_17_33_59
0.30984 0.385236 1.02691 65.1313 102.869 72.1682 2022_06_24_17_33_59
1.46785 1.44219 0.991647 73.2076 119.473 60.7957 2022_06_24_17_33_59
0.295566 0.961033 0 64.9518 113.799 44.3713 2022_06_24_17_33_59
0.295854 0.988997 0 53.8895 110.911 32.3842 2022_06_24_17_33_59
0.300752 1.02176 0 42.3306 110.625 23.6354 2022_06_24_17_33_59
0.330905 1.05694 0 33.8794 111.999 17.2501 2022_06_24_17_33_59
0.320776 1.09875 0 27.6032 109.387 12.5899 2022_06_24_17_33_59
0.290059 1.02076 0 29.8876 103.416 9.18866 2022_06_24_17_33_59
0.313364 1.0701 0 42.9054 107.737 6.70629 2022_06_24_17_34_00
0.331369 1.04392 0 54.2862 109.666 4.89454 2022_06_24_17_34_00
0.297789 1.03134 0 62.1703 111.053 3.57225 2022_06_24_17_34_00
0.304292 1.02426 0 68.1608 112.049 2.60719 2022_06_24_17_34_00
0.351812 0.343328 1.00078 75.5206 109.541 30.907 2022_06_24_17_34_00
0.292998 1.02358 0 77.4264 111.199 22.5573 2022_06_24_17_34_00
0.281361 1.02518 0 78.5063 112.552 16.4633 2022_06_24_17_34_00
0.291582 1.02768 0 79.4502 113.474 12.0156 2022_06_24_17_34_00
0.294395 1.03365 0 80.4441 113.878 8.76953 2022_06_24_17_34_00
0.305307 1.04412 0 80.9705 114.465 6.40039 2022_06_24_17_34_00
0.307705 1.05791 0 81.3875 114.799 4.67128 2022_06_24_17_34_00
0.309444 1.06356 0 60.8979 114.937 3.40931 2022_06_24_17_34_01
0.31899 1.07099 0 46.2022 115.167 2.48826 2022_06_24_17_34_01
0.321795 1.0744 0 35.9938 115.292 1.81604 2022_06_24_17_34_01
0.336049 1.07552 0 27.4928 115.548 1.32543 2022_06_24_17_34_01
0.331112 1.0855 0 21.8584 116.152 0.967355 2022_06_24_17_34_01
0.372623 1.20613 0 19.3738 117.026 0.706018 2022_06_24_17_34_01
0.333852 1.06929 0 16.6889 116.052 0.515283 2022_06_24_17_34_01
0.291823 0.998405 0 18.697 111.619 0.376076 2022_06_24_17_34_01
0.306157 0.937575 0 24.5114 104.982 0.274477 2022_06_24_17_34_01
0.305951 0.223079 0.972957 33.478 97.0847 30.6257 2022_06_24_17_34_01
0.30948 0.318433 0.0169546 44.2392 94.8324 47.6762 2022_06_24_17_34_01
0.30792 0.325447 0.966394 54.1162 95.0335 64.4915 2022_06_24_17_34_02
0.297095 0.34735 0.961572 62.5212 95.564 76.5822 2022_06_24_17_34_02
0.29453 0.356617 0.966872 69.4428 96.3875 85.3723 2022_06_24_17_34_02
0.3064 0.356644 0.978029 74.1844 97.2285 92.2718 2022_06_24_17_34_02
0.297928 0.360611 0.987387 77.5721 98.0801 97.5806 2022_06_24_17_34_02
0.297586 0.362449 0.995091 79.7346 99.307 101.638 2022_06_24_17_34_02
0.296615 0.345134 1.01497 80.9783 99.0323 105.857 2022_06_24_17_34_02
0.293732 0.339116 1.01928 81.849 97.2807 109.198 2022_06_24_17_34_02
0.300936 0.333861 1.01468 82.9079 94.8673 111.263 2022_06_24_17_34_02
0.300867 0.338156 1.01127 83.9348 92.7207 111.996 2022_06_24_17_34_02
0.310262 0.367603 0.999394 86.0366 93.53 111.305 2022_06_24_17_34_02
0.302905 0.37614 1.04812 86.4226 95.8407 113.681 2022_06_24_17_34_02
0.296941 0.369848 1.04429 86.5177 95.6969 116.196 2022_06_24_17_34_03
0.301268 0.358341 1.03751 85.7891 95.4297 117.421 2022_06_24_17_34_03
0.308903 0.315216 0.0502269 83.7645 95.5406 91.8561 2022_06_24_17_34_03
0.292333 0.283409 0 78.6341 93.1568 67.0406 2022_06_24_17_34_03
0.291868 0.95683 0 71.2766 91.9321 48.9292 2022_06_24_17_34_03
0.304661 1.00521 0 60.6369 94.6785 35.7107 2022_06_24_17_34_03
0.327258 1.06222 0 47.4196 99.7852 26.0632 2022_06_24_17_34_03
0 0 0 34.6089 72.8276 19.0221 2022_06_24_17_34_03
0.386301 1.15359 0 30.0901 85.8504 13.8831 2022_06_24_17_34_03
0.358382 1.12497 0 26.4618 94.8193 10.1325 2022_06_24_17_34_03
0.33893 1.06932 0 21.4381 100.263 7.39516 2022_06_24_17_34_03
0.316426 1.0056 0 18.7542 105.949 5.39731 2022_06_24_17_34_04
0.306924 0.995819 0 17.3504 110.213 3.93919 2022_06_24_17_34_04
0.311075 0.996508 0 32.69 113.949 2.875 2022_06_24_17_34_04
0.298859 0.971164 0 44.0952 116.442 2.0983 2022_06_24_17_34_04
0.28327 0.968796 0 54.096 116.143 1.53143 2022_06_24_17_34_04
0.296805 0.920424 0 60.7363 117.502 1.1177 2022_06_24_17_34_04
0.866814 0 0 91.5873 85.758 0.81575 2022_06_24_17_34_04
0.289024 0.89131 0 88.6445 94.58 0.59537 2022_06_24_17_34_04
0.278691 0.873194 0 86.591 100.859 0.434527 2022_06_24_17_34_04
0.29219 0.871134 0 85.3421 105.407 0.317137 2022_06_24_17_34_04
0.276029 0.870129 0 83.6263 109.25 0.23146 2022_06_24_17_34_04
0.875886 0 0 108.12 79.7358 0.16893 2022_06_24_17_34_05
0 0 0 78.9105 58.1947 0.123292 2022_06_24_17_34_05
0.863126 0 0 104.824 42.473 0.0899842 2022_06_24_17_34_05
0.87481 0 0 123.729 30.9987 0.0656744 2022_06_24_17_34_05
0.865437 0 0 137.597 22.6242 0.0479321 2022_06_24_17_34_05
0 0 0 100.424 16.5121 0.0349829 2022_06_24_17_34_05
0 0 0 73.2939 12.0513 0.0255321 2022_06_24_17_34_05
0.869827 0 0 100.661 8.79554 0.0186344 2022_06_24_17_34_05
0 0 0 73.4668 6.41937 0.0136002 2022_06_24_17_34_05
0 0 0 53.6193 4.68514 0.00992603 2022_06_24_17_34_05
0.270345 0.863625 0 59.6564 36.4347 0.00724445 2022_06_24_17_34_05
0.265319 0.860472 0 64.1423 59.5373 0.00528732 2022_06_24_17_34_06
0.273016 0.863625 0 67.4254 76.4968 0.00385892 2022_06_24_17_34_06
0.27075 0.859333 0 69.9599 88.667 0.00281641 2022_06_24_17_34_06
0 0 0 51.0598 64.7131 0.00205554 2022_06_24_17_34_06
0 0 0 37.2657 47.2304 0.00150022 2022_06_24_17_34_06
0.275924 0.85811 0 48.7395 66.7492 0.00109493 2022_06_24_17_34_06
0 0 0 35.5722 48.7165 0.000799126 2022_06_24_17_34_06
0.835069 0 0 73.0536 35.5554 0.000583237 2022_06_24_17_34_06
0.297962 0.84702 0 76.2569 57.2888 0.000425672 2022_06_24_17_34_06
0.299475 0.853633 0 78.585 73.0688 0.000310674 2022_06_24_17_34_06
0.302689 0.879503 0 79.6848 85.1341 0.000226743 2022_06_24_17_34_07
0.30695 0.883471 0 80.6565 93.8406 0.000165487 2022_06_24_17_34_07
0.309762 0.882077 0 81.686 99.8728 0.00012078 2022_06_24_17_34_07
0 0 0 59.618 72.8915 8.81504e-05 2022_06_24_17_34_07
0.795701 0 0 90.3834 53.1994 6.4336e-05 2022_06_24_17_34_07
0.790195 0 0 112.914 38.8273 4.69553e-05 2022_06_24_17_34_07
0.793241 0 0 129.211 28.3378 3.427e-05 2022_06_24_17_34_07
0.790423 0 0 141.258 20.6822 2.50118e-05 2022_06_24_17_34_07
0.793879 0 0 150.067 15.0948 1.82547e-05 2022_06_24_17_34_07
0.79169 0 0 156.489 11.0168 1.33231e-05 2022_06_24_17_34_07
0.799719 0 0 161.063 8.04056 9.72375e-06 2022_06_24_17_34_07
0.806081 0 0 164.402 5.86835 7.09682e-06 2022_06_24_17_34_08
0.804505 0 0 166.973 4.28298 5.17957e-06 2022_06_24_17_34_08
0.808554 0 0 168.784 3.12591 3.78028e-06 2022_06_24_17_34_08
0.810269 0 0 170.145 2.28142 2.75901e-06 2022_06_24_17_34_08
0.814125 0 0 171.189 1.66508 2.01365e-06 2022_06_24_17_34_08
0.817217 0 0 171.885 1.21525 1.46965e-06 2022_06_24_17_34_08
0.821891 0 0 172.326 0.886943 1.07261e-06 2022_06_24_17_34_08
0.823234 0 0 172.734 0.64733 7.8284e-07 2022_06_24_17_34_08
0.31806 0.892658 0 148.448 32.2774 5.71351e-07 2022_06_24_17_34_08
0.318404 0.913896 0 130.046 55.9742 4.16997e-07 2022_06_24_17_34_08
0.329382 0.946252 0 115.406 74.3777 3.04343e-07 2022_06_24_17_34_08
0.305374 0.930075 0 106.776 85.9904 2.22123e-07 2022_06_24_17_34_09
0.29777 0.938722 0 100.872 93.7888 1.62115e-07 2022_06_24_17_34_09
0.30252 0.957386 0 96.8242 99.184 1.18319e-07 2022_06_24_17_34_09
0.308837 0.971328 0 94.4173 102.464 8.6354e-08 2022_06_24_17_34_09
0.321717 0.990669 0 92.8616 104.616 6.3025e-08 2022_06_24_17_34_09
0.310621 0.992602 0 89.3638 108.227 4.59984e-08 2022_06_24_17_34_09
0.304126 0.993053 0 86.5032 111.131 3.35716e-08 2022_06_24_17_34_09
0.304759 0.993624 0 84.5646 113.174 2.4502e-08 2022_06_24_17_34_09
0 0 0 61.7189 82.5992 1.78827e-08 2022_06_24_17_34_09
0.346689 1.05361 0 68.0505 90.9652 1.30516e-08 2022_06_24_17_34_09
0.294733 0.963023 0 73.1233 96.3227 9.52559e-09 2022_06_24_17_34_09
0.296873 0.955259 0 76.9244 100.073 6.95219e-09 2022_06_24_17_34_10
0.334527 1.05977 0 80.0822 102.677 5.07402e-09 2022_06_24_17_34_10
0.328053 1.04184 0 84.5122 102.532 3.70324e-09 2022_06_24_17_34_10
0.311549 1.02617 0 83.1872 106.714 2.70279e-09 2022_06_24_17_34_10
0.299388 1.03489 0 81.697 110.341 1.97261e-09 2022_06_24_17_34_10
0.29444 1.02894 0 81.6689 111.975 1.4397e-09 2022_06_24_17_34_10
0.305039 1.02036 0 82.2009 112.797 1.05075e-09 2022_06_24_17_34_10
0.295253 0.989562 0 84.317 111.734 7.66887e-10 2022_06_24_17_34_10
0.273115 0.989869 0 85.4766 110.954 5.59708e-10 2022_06_24_17_34_10
0.296462 0.990524 0 86.5317 110.495 4.08499e-10 2022_06_24_17_34_10
0.322588 1.01211 0 65.4573 110.847 2.98141e-10 2022_06_24_17_34_10
0.318842 1.01865 0 49.2858 111.249 2.17596e-10 2022_06_24_17_34_11
0.328741 1.03053 0 36.3229 112.093 1.58811e-10 2022_06_24_17_34_11
0.308809 1.01251 0 27.8458 111.729 1.15907e-10 2022_06_24_17_34_11
0.348439 0.967591 0 26.8005 104.417 8.45942e-11 2022_06_24_17_34_11
0.308488 0.924364 0 27.1735 100.876 6.17406e-11 2022_06_24_17_34_11
0.291684 0.899655 0 31.6841 96.3446 4.5061e-11 2022_06_24_17_34_11
0.312529 0.197532 0.95226 37.5603 92.1776 31.6395 2022_06_24_17_34_11
0.304729 0.310719 0.973257 46.401 93.825 54.6021 2022_06_24_17_34_11
0.313401 0.345407 0.956757 57.2847 99.1056 69.5183 2022_06_24_17_34_11
0.311738 0.347127 0.957307 67.8563 104.278 79.5392 2022_06_24_17_34_11
0.308755 0.352217 0.947127 76.9054 109.495 86.2034 2022_06_24_17_34_11
0.306496 0.354368 0.95013 82.2686 112.712 91.271 2022_06_24_17_34_12
0.312492 0.352311 0.971708 80.4644 111.073 96.4116 2022_06_24_17_34_12
1.55225 1.54657 0.937649 83.2877 125.839 76.8442 2022_06_24_17_34_12
0.307395 0.985308 0 70.9381 120.211 56.0842 2022_06_24_17_34_12
0.319335 1.01445 0 55.7597 117.326 40.9327 2022_06_24_17_34_12
0.324688 1.02569 0 43.1294 116.398 29.8745 2022_06_24_17_34_12
0.324957 1.02882 0 33.5646 116.378 21.8037 2022_06_24_17_34_12
0.319504 1.02186 0 26.1629 116.615 15.9133 2022_06_24_17_34_12
0.318115 1.02904 0 40.72 117.083 11.6142 2022_06_24_17_34_12
0.308252 1.02768 0 51.3361 117.326 8.47657 2022_06_24_17_34_12
0.317012 1.03238 0 58.8643 117.896 6.18657 2022_06_24_17_34_12
0.305722 1.01757 0 65.2085 117.613 4.51523 2022_06_24_17_34_13
0.319072 1.0143 0 70.3756 116.981 3.29541 2022_06_24_17_34_13
0.321504 1.01993 0 73.853 116.89 2.40514 2022_06_24_17_34_13
0.320171 1.01589 0 76.5367 116.676 1.75537 2022_06_24_17_34_13
0.316453 0.997593 0 79.0525 115.941 1.28115 2022_06_24_17_34_13
0.308778 0.988268 0 81.2139 115.082 0.935039 2022_06_24_17_34_13
0.313051 0.988268 0 82.85 114.399 0.682432 2022_06_24_17_34_13
0.319569 1.00236 0 83.3455 114.584 0.498069 2022_06_24_17_34_13
0.329851 1.00127 0 84.0621 114.588 0.363513 2022_06_24_17_34_13
0.340807 0.999104 0 84.6981 114.609 0.265307 2022_06_24_17_34_13
0.311647 0.994782 0 85.301 114.05 0.193633 2022_06_24_17_34_13
0.318322 0.996937 0 85.5947 113.845 0.141322 2022_06_24_17_34_14
0.313589 1.00496 0 85.2987 114.123 0.103143 2022_06_24_17_34_14
0.296644 0.999507 0 84.89 114.183 0.0752782 2022_06_24_17_34_14
0.311607 1.00496 0 84.7231 114.436 0.0549413 2022_06_24_17_34_14
0.319843 1.00759 0 83.9407 115.154 0.0400986 2022_06_24_17_34_14
0.32359 1.02774 0 64.5912 116.52 0.0292657 2022_06_24_17_34_14
0.407563 1.20956 0 53.7378 120.427 0.0213594 2022_06_24_17_34_14
0.315336 1.03604 0 41.9533 119.811 0.015589 2022_06_24_17_34_14
0.304134 1.0369 0 33.8871 119.3 0.0113775 2022_06_24_17_34_14
0.486741 1.29454 0 32.8313 125.852 0.00830383 2022_06_24_17_34_14
0.32235 1.05341 0 25.5718 123.235 0.0060605 2022_06_24_17_34_14
0.323253 1.04972 0 21.1449 121.096 0.00442322 2022_06_24_17_34_15
0.328568 1.05458 0 16.6349 118.933 0.00322826 2022_06_24_17_34_15
0.319109 1.0544 0 13.023 116.263 0.00235612 2022_06_24_17_34_15
0.321955 1.05781 0 10.3423 113.516 0.0017196 2022_06_24_17_34_15
0.305997 1.03039 0 11.1194 109.204 0.00125504 2022_06_24_17_34_15
0.289661 1.04577 0 34.5458 106.138 0.000915984 2022_06_24_17_34_15
0.290318 1.06108 0 51.4067 104.01 0.000668525 2022_06_24_17_34_15
0.298623 1.06256 0 63.891 102.375 0.000487919 2022_06_24_17_34_15
0.303294 1.05493 0 50.3635 100.917 0.000356105 2022_06_24_17_34_15
0.278225 1.05061 0 63.4249 99.8177 0.000259901 2022_06_24_17_34_15
0.295731 1.06413 0 46.6443 100.515 0.000189687 2022_06_24_17_34_15
0.298685 1.08073 0 58.2207 102.183 0.000138442 2022_06_24_17_34_16
0.761282 0.285305 0 64.7275 81.1641 0.000101041 2022_06_24_17_34_16
0.803925 0.211579 0 94.3092 64.5863 7.37441e-05 2022_06_24_17_34_16
0.789708 0.226998 0 91.2427 51.9101 5.38217e-05 2022_06_24_17_34_16
0.981191 0 0 90.4311 37.8863 3.92814e-05 2022_06_24_17_34_16
0.962343 0 0 91.2177 27.6511 2.86693e-05 2022_06_24_17_34_16
0.959668 0 0 91.8858 20.181 2.09241e-05 2022_06_24_17_34_16
0.952476 0 0 92.4267 14.729 1.52713e-05 2022_06_24_17_34_16
0.766908 0.209155 0 91.5881 16.049 1.11457e-05 2022_06_24_17_34_16
0.786095 0.210092 0 91.3311 17.6201 8.13461e-06 2022_06_24_17_34_16
0.765053 0.222257 0 89.8093 18.4796 5.93699e-06 2022_06_24_17_34_17
0.758268 0.208928 0 88.3944 20.1213 4.33308e-06 2022_06_24_17_34_17
0 0 0 64.5141 14.6854 3.16247e-06 2022_06_24_17_34_17
0 0 0 47.0852 10.7181 2.30811e-06 2022_06_24_17_34_17
0 0 0 34.3648 7.82251 1.68456e-06 2022_06_24_17_34_17
0 0 0 25.081 5.70921 1.22946e-06 2022_06_24_17_34_17
0 0 0 18.3052 4.16683 8.97317e-07 2022_06_24_17_34_17
0 0 0 13.3599 3.04113 6.54901e-07 2022_06_24_17_34_17
0.770286 0.215663 0 36.5765 8.39725 4.77976e-07 2022_06_24_17_34_17
0.787768 0.219788 0 54.1378 12.2407 3.48848e-07 2022_06_24_17_34_17
0.787627 0.22168 0 68.8793 14.6578 2.54604e-07 2022_06_24_17_34_17
0.806501 0.215878 0 80.8424 16.4383 1.85821e-07 2022_06_24_17_34_18
0.809733 0.213963 0 90.3152 17.8643 1.35621e-07 2022_06_24_17_34_18
0.819657 0.214037 0 97.7198 18.8755 9.89818e-08 2022_06_24_17_34_18
0.814992 0.214201 0 104.001 19.4076 7.22413e-08 2022_06_24_17_34_18
0.810421 0.215673 0 108.505 19.495 5.27248e-08 2022_06_24_17_34_18
0.808018 0.215499 0 111.953 19.7753 3.84809e-08 2022_06_24_17_34_18
0.813323 0.216092 0 113.257 19.833 2.8085e-08 2022_06_24_17_34_18
0.818446 0.216678 0 112.864 19.4618 2.04977e-08 2022_06_24_17_34_18
0.809523 0.211391 0 112.172 20.3303 1.49601e-08 2022_06_24_17_34_18
0.781741 0.223923 0 109.573 19.7136 1.09185e-08 2022_06_24_17_34_18
0.789225 0.213764 0 108.611 20.557 7.96883e-09 2022_06_24_17_34_18
0.758155 0.213863 0 110.773 20.8861 5.816e-09 2022_06_24_17_34_19
0.919317 0 0 113.035 15.2436 4.24477e-09 2022_06_24_17_34_19
0.669665 0.228377 0 113.589 16.4304 3.09802e-09 2022_06_24_17_34_19
0 0 0 82.9024 11.9916 2.26107e-09 2022_06_24_17_34_19
0 0 0 60.5058 8.75199 1.65023e-09 2022_06_24_17_34_19
0 0 0 44.1598 6.38759 1.20441e-09 2022_06_24_17_34_19
0 0 0 32.2297 4.66194 8.79031e-10 2022_06_24_17_34_19
0 0 0 23.5227 3.40249 6.41555e-10 2022_06_24_17_34_19
0 0 0 17.1679 2.48328 4.68235e-10 2022_06_24_17_34_19
0 0 0 12.5299 1.81241 3.41738e-10 2022_06_24_17_34_19
0.836476 0 0 31.1583 1.32278 2.49416e-10 2022_06_24_17_34_19
0 0 0 22.7407 0.96542 1.82034e-10 2022_06_24_17_34_20
0.76837 0.220433 0 63.5985 6.17571 1.32857e-10 2022_06_24_17_34_20
0.770013 0.222684 0 93.4405 9.62099 9.69647e-11 2022_06_24_17_34_20
0.771837 0.219894 0 115.122 12.2954 7.07691e-11 2022_06_24_17_34_20
0.784503 0.221183 0 131.108 14.341 5.16504e-11 2022_06_24_17_34_20
0.768627 0.220925 0 142.801 15.7625 3.76967e-11 2022_06_24_17_34_20
0.75845 0.220444 0 151.326 16.9011 2.75127e-11 2022_06_24_17_34_20
0.748706 0.221189 0 157.547 17.6734 2.008e-11 2022_06_24_17_34_20
0.74035 0.216525 0 139.266 18.3616 1.46552e-11 2022_06_24_17_34_20
0.730228 0.21632 0 126.874 18.663 1.0696e-11 2022_06_24_17_34_20
0.744 0.21781 0 118.206 19.0517 7.80644e-12 2022_06_24_17_34_20
0.734674 0.220159 0 111.212 19.4252 5.69748e-12 2022_06_24_17_34_21
0.73697 0.217472 0 105.438 19.6276 4.15827e-12 2022_06_24_17_34_21
0.740148 0.216667 0 101.077 19.7591 3.03489e-12 2022_06_24_17_34_21
0.724172 0.219771 0 97.6658 19.6358 2.21499e-12 2022_06_24_17_34_21
0.722072 0.219771 0 95.2592 19.5795 1.6166e-12 2022_06_24_17_34_21
0.713895 0.221427 0 93.6005 19.3936 1.17987e-12 2022_06_24_17_34_21
0.713875 0.220622 0 92.8905 19.3924 8.61117e-13 2022_06_24_17_34_21
0.715178 0.215819 0 92.2711 19.366 6.28481e-13 2022_06_24_17_34_21
0.920231 0 0 93.4426 14.1342 4.58693e-13 2022_06_24_17_34_21
0 0 0 68.1985 10.3157 3.34774e-13 2022_06_24_17_34_21
0.889921 0 0 97.0811 7.52888 2.44333e-13 2022_06_24_17_34_21
0.420635 1.20208 0 89.3277 40.7257 1.78325e-13 2022_06_24_17_34_22
0.390974 1.18256 0 68.3128 63.8573 1.30149e-13 2022_06_24_17_34_22
0 0 0 49.8577 46.6058 9.49886e-14 2022_06_24_17_34_22
0 0 0 36.3883 34.015 6.93269e-14 2022_06_24_17_34_22
0 0 0 26.5578 24.8256 5.05978e-14 2022_06_24_17_34_22
0 0 0 19.383 18.1188 3.69285e-14 2022_06_24_17_34_22
0.335237 1.05831 0 16.7501 45.6312 2.6952e-14 2022_06_24_17_34_22
0 0 0 12.225 33.3037 1.96708e-14 2022_06_24_17_34_22
0.341371 1.07907 0 10.3724 55.0315 1.43566e-14 2022_06_24_17_34_22
0.343332 1.10046 0 30.5289 70.8509 1.04781e-14 2022_06_24_17_34_22
0.344921 1.11027 0 45.897 81.6801 7.64735e-15 2022_06_24_17_34_22
0.317607 1.11463 0 58.7051 87.5728 5.58137e-15 2022_06_24_17_34_23
0.320823 1.11792 0 68.645 91.1697 4.07353e-15 2022_06_24_17_34_23
0.331104 1.1406 0 76.1588 93.7529 2.97304e-15 2022_06_24_17_34_23
0.341416 1.14462 0 82.1165 95.2002 2.16985e-15 2022_06_24_17_34_23
0 0 0 59.9322 69.4813 1.58366e-15 2022_06_24_17_34_23
0 0 0 43.7411 50.7105 1.15582e-15 2022_06_24_17_34_23
0.342266 1.17368 0 57.1909 65.0651 8.43569e-16 2022_06_24_17_34_23
0 0 0 41.7405 47.4874 6.15673e-16 2022_06_24_17_34_23
0.33225 1.17244 0 54.9232 63.2553 4.49345e-16 2022_06_24_17_34_23
0.315161 1.17485 0 63.6652 75.6048 3.27952e-16 2022_06_24_17_34_23
0.331457 0.0937055 1.1927 70.2972 56.2581 29.3865 2022_06_24_17_34_23
0.316247 1.1626 0 75.1386 70.1646 21.4476 2022_06_24_17_34_24
0.328451 1.15926 0 78.6513 80.4416 15.6534 2022_06_24_17_34_24
0.309782 1.14113 0 59.3386 87.3009 11.4245 2022_06_24_17_34_24
0.92729 0.17451 0 64.9347 68.7726 8.33811 2022_06_24_17_34_24
0 0 0 47.3922 50.1932 6.08552 2022_06_24_17_34_24
1.08968 0 0 57.1524 36.6332 4.44148 2022_06_24_17_34_24
1.09619 0 0 64.8346 26.7365 3.24159 2022_06_24_17_34_24
0.920417 0.184116 0 70.4725 24.3419 2.36585 2022_06_24_17_34_24
1.09734 0 0 75.4621 17.7658 1.7267 2022_06_24_17_34_24
0.910339 0.193897 0 78.6004 18.1201 1.26022 2022_06_24_17_34_24
0.880117 0.204218 0 80.5274 18.2669 0.919766 2022_06_24_17_34_24
0.883273 0.208955 0 80.7221 18.998 0.671285 2022_06_24_17_34_25
0.855778 0.21938 0 80.9684 19.3349 0.489933 2022_06_24_17_34_25
0.856564 0.217285 0 80.9531 19.5329 0.357575 2022_06_24_17_34_25
0.861977 0.219164 0 81.9161 19.4344 0.260974 2022_06_24_17_34_25
0.849314 0.224246 0 81.8258 19.2676 0.19047 2022_06_24_17_34_25
0.850118 0.225234 0 81.3149 19.2203 0.139013 2022_06_24_17_34_25
0.848946 0.228192 0 106.472 19.2018 0.101458 2022_06_24_17_34_25
0.860521 0.225843 0 124.855 19.0069 0.0740485 2022_06_24_17_34_25
0.871897 0.224626 0 138.366 18.9329 0.0540439 2022_06_24_17_34_25
0.870308 0.226672 0 147.995 18.9822 0.0394436 2022_06_24_17_34_25
0.866297 0.225637 0 155.024 19.0182 0.0287877 2022_06_24_17_34_25
0.852805 0.226893 0 160.244 18.956 0.0210105 2022_06_24_17_34_26
0.845692 0.219255 0 164.118 19.0632 0.0153344 2022_06_24_17_34_26
0.839235 0.217394 0 166.933 19.0561 0.0111917 2022_06_24_17_34_26
0.843031 0.218154 0 168.965 19.2152 0.00816819 2022_06_24_17_34_26
0.860178 0.213898 0 170.328 19.5939 0.0059615 2022_06_24_17_34_26
0.846519 0.22118 0 171.399 19.4454 0.00435097 2022_06_24_17_34_26
0.84403 0.212855 0 172.177 19.4315 0.00317553 2022_06_24_17_34_26
0.836266 0.216453 0 172.771 19.3687 0.00231764 2022_06_24_17_34_26
0.834938 0.221937 0 173.206 19.0198 0.00169151 2022_06_24_17_34_26
0.845796 0.211173 0 173.628 19.1303 0.00123454 2022_06_24_17_34_26
0.831317 0.212976 0 173.853 19.3405 0.000901022 2022_06_24_17_34_26
0.847863 0.210577 0 174.08 19.4881 0.000657605 2022_06_24_17_34_27
0.847869 0.210547 0 174.233 19.5899 0.000479949 2022_06_24_17_34_27
0.838914 0.209823 0 174.341 19.7635 0.000350288 2022_06_24_17_34_27
0.856908 0.209071 0 174.374 19.9488 0.000255655 2022_06_24_17_34_27
0.863528 0.209794 0 174.222 20.1683 0.000186589 2022_06_24_17_34_27
0.842238 0.209071 0 174.195 20.3507 0.00013618 2022_06_24_17_34_27
0.848123 0.208493 0 174.13 20.5137 9.93905e-05 2022_06_24_17_34_27
0.848591 0.210826 0 174.071 20.6043 7.25395e-05 2022_06_24_17_34_27
0.847676 0.21157 0 173.959 20.589 5.29425e-05 2022_06_24_17_34_27
0.852524 0.210092 0 173.841 20.6404 3.86398e-05 2022_06_24_17_34_27
0.847407 0.210843 0 173.809 20.603 2.8201e-05 2022_06_24_17_34_27
0.865485 0.210547 0 173.871 20.5616 2.05823e-05 2022_06_24_17_34_28
0.834356 0.208808 0 173.854 20.5553 1.50219e-05 2022_06_24_17_34_28
0.827678 0.209588 0 173.745 20.5715 1.09636e-05 2022_06_24_17_34_28
0.850714 0.208774 0 173.653 20.6316 8.00173e-06 2022_06_24_17_34_28
0.844382 0.208745 0 173.676 20.5896 5.84002e-06 2022_06_24_17_34_28
0.839151 0.209475 0 173.641 20.7359 4.2623e-06 2022_06_24_17_34_28
0.851673 0.209529 0 173.634 20.6685 3.11081e-06 2022_06_24_17_34_28
0.859593 0.2095 0 173.671 20.6095 2.27041e-06 2022_06_24_17_34_28
0.850357 0.211263 0 173.682 20.4081 1.65704e-06 2022_06_24_17_34_28
0.856716 0.209239 0 173.788 20.4343 1.20938e-06 2022_06_24_17_34_28
0.853478 0.208452 0 173.853 20.4427 8.8266e-07 2022_06_24_17_34_28
0.853187 0.208481 0 173.926 20.3578 6.44204e-07 2022_06_24_17_34_29
0.843437 0.2095 0 174.011 20.4085 4.70168e-07 2022_06_24_17_34_29
0.852785 0.208452 0 174.004 20.5189 3.43149e-07 2022_06_24_17_34_29
0.854885 0.211085 0 174.07 20.5304 2.50445e-07 2022_06_24_17_34_29
0.834276 0.21363 0 174.132 20.2502 1.82786e-07 2022_06_24_17_34_29
0.826772 0.218332 0 174.172 20.0465 1.33405e-07 2022_06_24_17_34_29
0.267796 1.0626 0 150.875 43.5303 9.7365e-08 2022_06_24_17_34_29
0.264162 1.0156 0 134.998 59.5795 7.10613e-08 2022_06_24_17_34_29
0.263447 0.987847 0 124.415 70.2892 5.18636e-08 2022_06_24_17_34_29
0.953677 0 0 138.559 51.3002 3.78523e-08 2022_06_24_17_34_29
0.947181 0 0 149.011 37.4411 2.76263e-08 2022_06_24_17_34_29
0 0 0 108.754 27.3262 2.01629e-08 2022_06_24_17_34_30
0 0 0 79.3738 19.9438 1.47158e-08 2022_06_24_17_34_30
0 0 0 57.9305 14.5559 1.07402e-08 2022_06_24_17_34_30
0 0 0 42.2802 10.6235 7.83867e-09 2022_06_24_17_34_30
0 0 0 30.8579 7.75351 5.721e-09 2022_06_24_17_34_30
0 0 0 22.5215 5.65885 4.17544e-09 2022_06_24_17_34_30
0 0 0 16.4372 4.13008 3.04742e-09 2022_06_24_17_34_30
0 0 0 11.9966 3.01431 2.22414e-09 2022_06_24_17_34_30
0 0 0 8.75561 2.19998 1.62327e-09 2022_06_24_17_34_30
0 0 0 6.39023 1.60564 1.18474e-09 2022_06_24_17_34_30
0 0 0 4.66387 1.17187 8.64673e-10 2022_06_24_17_34_30
0 0 0 3.4039 0.855279 6.31076e-10 2022_06_24_17_34_31
0 0 0 2.48431 0.62422 4.60587e-10 2022_06_24_17_34_31
0 0 0 1.81316 0.455583 3.36156e-10 2022_06_24_17_34_31
0 0 0 1.32332 0.332504 2.45342e-10 2022_06_24_17_34_31
0 0 0 0.965819 0.242676 1.79061e-10 2022_06_24_17_34_31
0 0 0 0.704897 0.177116 1.30687e-10 2022_06_24_17_34_31
0 0 0 0.514465 0.129267 9.53808e-11 2022_06_24_17_34_31
0 0 0 0.375479 0.0943446 6.96131e-11 2022_06_24_17_34_31
0 0 0 0.274041 0.0688568 5.08067e-11 2022_06_24_17_34_31
0 0 0 0.200007 0.0502547 3.70809e-11 2022_06_24_17_34_31
0 0 0 0.145974 0.0366781 2.70633e-11 2022_06_24_17_34_31
0 0 0 0.106538 0.0267693 1.9752e-11 2022_06_24_17_34_32
0 0 0 0.0777562 0.0195374 1.44159e-11 2022_06_24_17_34_32
0 0 0 0.0567499 0.0142592 1.05213e-11 2022_06_24_17_34_32
0 0 0 0.0414186 0.010407 7.67893e-12 2022_06_24_17_34_32
0.929601 0 0 47.9291 0.0075955 5.60442e-12 2022_06_24_17_34_32
0.943263 0 0 82.6057 0.00554353 4.09035e-12 2022_06_24_17_34_32
0.953811 0 0 107.91 0.00404591 2.98532e-12 2022_06_24_17_34_32
0.949825 0 0 126.387 0.00295288 2.17881e-12 2022_06_24_17_34_32
0.264778 0.977448 0 117.751 27.3676 1.59019e-12 2022_06_24_17_34_32
0.259236 0.98172 0 110.434 48.2209 1.16059e-12 2022_06_24_17_34_32
0.250981 0.954793 0 107.705 60.6993 8.47052e-13 2022_06_24_17_34_33
0.250957 0.950329 0 105.744 69.8592 6.18215e-13 2022_06_24_17_34_33
0.238928 0.941425 0 103.941 76.7785 4.51201e-13 2022_06_24_17_34_33
0.929007 0 0 123.438 56.0364 3.29306e-13 2022_06_24_17_34_33
0.250858 0.929595 0 114.897 68.9109 2.40342e-13 2022_06_24_17_34_33
0.243935 0.921683 0 109.055 77.9504 1.75412e-13 2022_06_24_17_34_33
0.248086 0.907268 0 104.663 84.8033 1.28023e-13 2022_06_24_17_34_33
0.660296 0.222004 0 123.065 67.7503 9.34371e-14 2022_06_24_17_34_33
0.653499 0.217272 0 136.59 55.4562 6.81945e-14 2022_06_24_17_34_33
0.984436 0 0 147.177 40.4744 4.97713e-14 2022_06_24_17_34_33
0.643813 0.20278 0 154.046 36.6636 3.63253e-14 2022_06_24_17_34_34
0 0 0 112.43 26.7587 2.65118e-14 2022_06_24_17_34_34
0.935709 0 0 106.766 19.5297 1.93495e-14 2022_06_24_17_34_34
0.917642 0 0 102.846 14.2536 1.41221e-14 2022_06_24_17_34_34
0 0 0 75.0617 10.4029 1.03069e-14 2022_06_24_17_34_34
0.629158 0.203817 0 101.188 14.879 7.52244e-15 2022_06_24_17_34_34
0.615915 0.215746 0 97.0933 17.0278 5.4902e-15 2022_06_24_17_34_34
0.613631 0.219413 0 117.499 18.4027 4.00699e-15 2022_06_24_17_34_34
0.619636 0.215716 0 132.399 19.5199 2.92448e-15 2022_06_24_17_34_34
0.639714 0.203837 0 142.952 21.4111 2.13441e-15 2022_06_24_17_34_34
0.638463 0.208143 0 150.941 21.8657 1.55779e-15 2022_06_24_17_34_35
0.837762 0 0 157.629 15.9585 1.13694e-15 2022_06_24_17_34_35
0.631084 0.214295 0 161.863 17.3528 8.2979e-16 2022_06_24_17_34_35
0.729695 0.207928 0 164.856 19.6562 6.05617e-16 2022_06_24_17_34_35
0.745749 0.208198 0 167.052 21.2041 4.42006e-16 2022_06_24_17_34_35
0 0 0 121.922 15.4757 3.22595e-16 2022_06_24_17_34_35
0 0 0 88.9839 11.2948 2.35444e-16 2022_06_24_17_34_35
0 0 0 64.9444 8.24346 1.71837e-16 2022_06_24_17_34_35
0 0 0 47.3992 6.01644 1.25414e-16 2022_06_24_17_34_35
0 0 0 34.594 4.39106 9.15329e-17 2022_06_24_17_34_35
0 0 0 25.2482 3.20479 6.68047e-17 2022_06_24_17_34_36
0 0 0 18.4273 2.33899 4.8757e-17 2022_06_24_17_34_36
0 0 0 13.449 1.7071 3.5585e-17 2022_06_24_17_34_36
0 0 0 9.81569 1.24592 2.59715e-17 2022_06_24_17_34_36
0.6602 0.209474 0 53.9881 6.73743 1.89551e-17 2022_06_24_17_34_36
0.669095 0.201639 0 86.2088 11.5134 1.38343e-17 2022_06_24_17_34_36
0.672443 0.203911 0 109.486 15.1568 1.00969e-17 2022_06_24_17_34_36
0.672689 0.20278 0 126.547 17.8879 7.36914e-18 2022_06_24_17_34_36
0.673163 0.202728 0 139.043 19.6693 5.37832e-18 2022_06_24_17_34_36
0.683647 0.202728 0 148.186 21.1408 3.92533e-18 2022_06_24_17_34_36
0.672586 0.21238 0 154.943 21.3463 2.86488e-18 2022_06_24_17_34_36
0.699903 0.203947 0 159.678 22.1147 2.09092e-18 2022_06_24_17_34_37
0 0 0 116.54 16.1403 1.52604e-18 2022_06_24_17_34_37
0 0 0 85.0562 11.7799 1.11377e-18 2022_06_24_17_34_37
0.689941 0.222158 0 109.077 14.63 8.12879e-19 2022_06_24_17_34_37
0.913211 0 0 105.105 10.6776 5.93275e-19 2022_06_24_17_34_37
0 0 0 76.7099 7.79299 4.32998e-19 2022_06_24_17_34_37
0 0 0 55.9863 5.68766 3.16021e-19 2022_06_24_17_34_37
0 0 0 40.8612 4.15111 2.30646e-19 2022_06_24_17_34_37
0 0 0 29.8223 3.02966 1.68336e-19 2022_06_24_17_34_37
0 0 0 21.7656 2.21118 1.22859e-19 2022_06_24_17_34_37
0 0 0 15.8855 1.61381 8.96676e-20 2022_06_24_17_34_37
0 0 0 11.5939 1.17783 6.54433e-20 2022_06_24_17_34_38
0 0 0 8.46177 0.859634 4.77634e-20 2022_06_24_17_34_38
0 0 0 6.17577 0.627398 3.48598e-20 2022_06_24_17_34_38
0 0 0 4.50735 0.457903 2.54422e-20 2022_06_24_17_34_38
0 0 0 3.28966 0.334197 1.85689e-20 2022_06_24_17_34_38
0 0 0 2.40094 0.243912 1.35524e-20 2022_06_24_17_34_38
0 0 0 1.75231 0.178018 9.89111e-21 2022_06_24_17_34_38
0 0 0 1.27891 0.129925 7.21896e-21 2022_06_24_17_34_38
0 0 0 0.933406 0.094825 5.26872e-21 2022_06_24_17_34_38
0 0 0 0.68124 0.0692074 3.84534e-21 2022_06_24_17_34_38
0.729664 0.221913 0.221913 48.2617 43.7974 48.6528 2022_06_24_17_34_38
0 0 0 35.2235 31.9653 35.5089 2022_06_24_17_34_39
0 0 0 25.7076 23.3297 25.916 2022_06_24_17_34_39
0 0 0 18.7626 17.027 18.9146 2022_06_24_17_34_39
0 0 0 13.6937 12.4271 13.8047 2022_06_24_17_34_39
0 0 0 9.99429 9.06981 10.0753 2022_06_24_17_34_39
0 0 0 7.29427 6.61955 7.35338 2022_06_24_17_34_39
0 0 0 5.32368 4.83124 5.36682 2022_06_24_17_34_39
0 0 0 3.88545 3.52605 3.91694 2022_06_24_17_34_39
0 0 0 2.83577 2.57346 2.85876 2022_06_24_17_34_39
0 0 0 2.06967 1.87823 2.08644 2022_06_24_17_34_39
0 0 0 1.51054 1.37081 1.52278 2022_06_24_17_34_39
0 0 0 1.10246 1.00048 1.11139 2022_06_24_17_34_40
0 0 0 0.804621 0.730193 0.811141 2022_06_24_17_34_40
0 0 0 0.587248 0.532927 0.592007 2022_06_24_17_34_40
0 0 0 0.428599 0.388953 0.432072 2022_06_24_17_34_40
0 0 0 0.31281 0.283875 0.315345 2022_06_24_17_34_40
0 0 0 0.228303 0.207185 0.230153 2022_06_24_17_34_40
0 0 0 0.166625 0.151212 0.167976 2022_06_24_17_34_40
0 0 0 0.12161 0.110361 0.122596 2022_06_24_17_34_40
0 0 0 0.0887566 0.0805466 0.0894759 2022_06_24_17_34_40
0 0 0 0.0647785 0.0587864 0.0653034 2022_06_24_17_34_40
0 0 0 0.0472782 0.0429049 0.0476613 2022_06_24_17_34_41
0 0 0 0.0345057 0.0313139 0.0347853 2022_06_24_17_34_41
0 0 0 0.0251837 0.0228542 0.0253878 2022_06_24_17_34_41
0 0 0 0.0183802 0.01668 0.0185292 2022_06_24_17_34_41
0 0 0 0.0134147 0.0121738 0.0135234 2022_06_24_17_34_41
0 0 0 0.00979062 0.00888498 0.00986996 2022_06_24_17_34_41
0 0 0 0.00714562 0.00648465 0.00720353 2022_06_24_17_34_41
0 0 0 0.00521519 0.00473278 0.00525745 2022_06_24_17_34_41
0 0 0 0.00380627 0.00345419 0.00383712 2022_06_24_17_34_41
0 0 0 0.00277798 0.00252102 0.0028005 2022_06_24_17_34_41
0 0 0 0.00202749 0.00183995 0.00204393 2022_06_24_17_34_41
0 0 0 0.00147975 0.00134288 0.00149175 2022_06_24_17_34_42
0 0 0 0.00107999 0.00098009 0.00108874 2022_06_24_17_34_42
0 0 0 0.000788224 0.000715313 0.000794611 2022_06_24_17_34_42
0 0 0 0.00057528 0.000522066 0.000579942 2022_06_24_17_34_42
0.665903 0.221394 0 25.0576 5.65968 0.000423267 2022_06_24_17_34_42
0.720695 0.206321 0 42.5066 10.0302 0.000308919 2022_06_24_17_34_42
0.760021 0.205755 0 78.3731 13.1423 0.000225463 2022_06_24_17_34_42
0.781318 0.204209 0 104.357 15.7741 0.000164552 2022_06_24_17_34_42
0.775235 0.217539 0 99.5401 16.8321 0.000120098 2022_06_24_17_34_42
0.789478 0.214175 0 94.8805 17.6525 8.76525e-05 2022_06_24_17_34_42
0.80439 0.212378 0 92.6829 18.2388 6.39726e-05 2022_06_24_17_34_42
0.804211 0.207765 0 91.2908 18.6401 4.669e-05 2022_06_24_17_34_43
0.80156 0.213605 0 89.3435 18.723 3.40764e-05 2022_06_24_17_34_43
0.800293 0.213484 0 87.8488 18.7727 2.48705e-05 2022_06_24_17_34_43
0.786977 0 0 89.2495 13.7011 1.81516e-05 2022_06_24_17_34_43
0.595944 0.205612 0 87.1397 15.5241 1.32478e-05 2022_06_24_17_34_43
0.76617 0 0 86.9796 11.3302 9.66882e-06 2022_06_24_17_34_43
0.562871 0.209113 0 85.3116 13.2858 7.05673e-06 2022_06_24_17_34_43
0.740656 0 0 85.9657 9.69659 5.15031e-06 2022_06_24_17_34_43
0.0914789 0.754365 0 86.5041 33.8115 3.75892e-06 2022_06_24_17_34_43
0.557223 0.206846 0 84.7791 30.267 2.74343e-06 2022_06_24_17_34_43
0.573089 0.211753 0 83.7957 27.2685 2.00227e-06 2022_06_24_17_34_43
0.301572 1.00276 0 75.7785 58.4991 1.46135e-06 2022_06_24_17_34_44
0.36342 0.986269 0 72.8992 78.8251 1.06655e-06 2022_06_24_17_34_44
0.729457 0 0 71.6253 57.53 7.78418e-07 2022_06_24_17_34_44
0.732818 0 0 70.0964 41.9879 5.68124e-07 2022_06_24_17_34_44
0.330805 0.736111 0.222716 80.6655 68.7658 5.72397 2022_06_24_17_34_44
0.344136 0.300289 1.00536 90.1555 74.7161 33.6506 2022_06_24_17_34_44
0.35304 0.327899 1.02162 97.9657 79.5885 54.5473 2022_06_24_17_34_44
0.3592 0.345965 0.585831 105.547 84.2375 58.6696 2022_06_24_17_34_44
0.365635 0.342564 1.01992 114.177 89.3639 72.295 2022_06_24_17_34_44
0.39404 0.350507 1.0193 122.194 93.9566 81.9684 2022_06_24_17_34_44
0.411158 0.36046 0.156899 129.113 99.2905 76.1053 2022_06_24_17_34_45
0.390774 0.364648 0.164554 132.651 103.655 72.3567 2022_06_24_17_34_45
0.412905 0.361498 0.162482 136.276 107.797 68.5486 2022_06_24_17_34_45
0.411183 0.363474 0.154864 138.598 111.061 67.4611 2022_06_24_17_34_45
0.408181 0.359632 0.152983 140.934 113.614 65.5842 2022_06_24_17_34_45
0.412902 0.36318 0.134858 142.461 115.418 63.0696 2022_06_24_17_34_45
0.412764 0.353222 0.149197 143.422 116.467 61.0825 2022_06_24_17_34_45
0.416781 0.346516 0.165618 142.866 116.712 60.5169 2022_06_24_17_34_45
0.407448 0.342522 0.65184 140.699 116.192 62.2942 2022_06_24_17_34_45
0.371363 0.337084 0.703922 138.043 116.508 64.8227 2022_06_24_17_34_45
0.348779 0.339581 0.689147 134.235 116.717 66.5694 2022_06_24_17_34_45
0.34887 0.344958 0.102351 131.39 116.452 67.312 2022_06_24_17_34_46
0.321444 0.356006 0.593939 125.966 119.329 67.4103 2022_06_24_17_34_46
0.317965 0.343397 0.556254 121.527 120.912 67.0038 2022_06_24_17_34_46
1.41464 1.43931 0.56403 120.169 133.327 87.6228 2022_06_24_17_34_46
1.3528 2.12319 0.215966 115.051 142.624 68.7093 2022_06_24_17_34_46
0.20109 0.212995 1.02184 111.124 109.879 76.8301 2022_06_24_17_34_46
0.811419 0.223232 0 103.959 85.7485 56.074 2022_06_24_17_34_46
0.823397 0.213621 0 99.9274 67.6433 40.9252 2022_06_24_17_34_46
0 0 0 72.9314 49.369 29.869 2022_06_24_17_34_46
0.727627 0.206147 0 78.7837 41.2238 21.7997 2022_06_24_17_34_46
0.793133 0.20497 0 76.9783 35.6689 15.9104 2022_06_24_17_34_47
0.77293 0.210531 0 77.8194 31.477 11.6121 2022_06_24_17_34_47
0.760342 0.211302 0 79.0439 28.3722 8.47502 2022_06_24_17_34_47
0.743983 0.210611 0 78.5334 25.871 6.18544 2022_06_24_17_34_47
0.904974 0 0 81.9241 18.8818 4.51441 2022_06_24_17_34_47
0.767317 0 0 87.3592 13.7808 3.29481 2022_06_24_17_34_47
0.221111 0.92272 0 88.487 53.0627 2.4047 2022_06_24_17_34_47
0.686062 0.201656 0 84.7376 44.6442 1.75505 2022_06_24_17_34_47
0.734623 0.200565 0 89.8575 37.9874 1.28092 2022_06_24_17_34_47
0 0 0 65.5819 27.7249 0.934868 2022_06_24_17_34_47
0 0 0 47.8646 20.2348 0.682307 2022_06_24_17_34_47
0 0 0 34.9337 14.7683 0.497978 2022_06_24_17_34_48
0.582411 0.20069 0 50.8634 17.1556 0.363446 2022_06_24_17_34_48
0 0 0 37.1224 12.5209 0.265259 2022_06_24_17_34_48
0 0 0 27.0935 9.13832 0.193598 2022_06_24_17_34_48
0 0 0 19.774 6.66955 0.141296 2022_06_24_17_34_48
0 0 0 14.432 4.86773 0.103124 2022_06_24_17_34_48
0 0 0 10.5331 3.55268 0.0752644 2022_06_24_17_34_48
0.543713 0.215417 0 54.4025 8.9775 0.0549312 2022_06_24_17_34_48
0.777699 0.207503 0 86.7644 12.3727 0.0400912 2022_06_24_17_34_48
0.780058 0.219863 0 110.387 13.9725 0.0292603 2022_06_24_17_34_48
0.81158 0.205122 0 127.51 16.0927 0.0213555 2022_06_24_17_34_49
0.828715 0.206619 0 139.992 17.3499 0.0155862 2022_06_24_17_34_49
0.828052 0.209082 0 149.303 18.011 0.0113755 2022_06_24_17_34_49
0.825869 0.210256 0 131.775 18.452 0.00830231 2022_06_24_17_34_49
0.836269 0.20502 0 119.298 18.943 0.00605939 2022_06_24_17_34_49
0.840162 0.205331 0 110.231 19.2913 0.00442241 2022_06_24_17_34_49
0.830566 0.209721 0 102.537 19.3845 0.00322767 2022_06_24_17_34_49
0 0 0 74.8361 14.1476 0.00235569 2022_06_24_17_34_49
0.831072 0.209044 0 77.565 15.5857 0.00171929 2022_06_24_17_34_49
0.833187 0.208561 0 103.686 16.6742 0.00125481 2022_06_24_17_34_49
0.829432 0.210544 0 122.717 17.4562 0.000915816 2022_06_24_17_34_49
0.840924 0.216493 0 136.679 17.9857 0.000668403 2022_06_24_17_34_50
0.832197 0.218625 0 146.854 18.4569 0.00048783 2022_06_24_17_34_50
0.823218 0.217562 0 154.338 18.8075 0.000356039 2022_06_24_17_34_50
0.2786 1.14497 0 134.475 44.2327 0.000259853 2022_06_24_17_34_50
0 0 0 98.1455 32.283 0.000189652 2022_06_24_17_34_50
0 0 0 71.6309 23.5615 0.000138416 2022_06_24_17_34_50
0 0 0 52.2794 17.1962 0.000101022 2022_06_24_17_34_50
0.757347 0.220653 0 85.4666 18.3178 7.37306e-05 2022_06_24_17_34_50
0.738761 0.219502 0 109.532 19.0118 5.38118e-05 2022_06_24_17_34_50
0.734269 0.217579 0 127.035 19.3877 3.92742e-05 2022_06_24_17_34_50
0.736382 0.213974 0 139.829 19.8189 2.8664e-05 2022_06_24_17_34_50
0.723206 0.213611 0 149.148 19.8875 2.09203e-05 2022_06_24_17_34_51
0.733033 0.213245 0 155.97 20.1195 1.52685e-05 2022_06_24_17_34_51
0.729132 0.211947 0 137.853 20.5131 1.11436e-05 2022_06_24_17_34_51
0.723389 0.212359 0 124.644 20.7359 8.13312e-06 2022_06_24_17_34_51
0.7289 0.208766 0 114.52 21.3172 5.93591e-06 2022_06_24_17_34_51
0.720495 0.212323 0 130.873 20.9384 4.33228e-06 2022_06_24_17_34_51
0.727049 0.203784 0 142.593 21.7868 3.16189e-06 2022_06_24_17_34_51
0.726167 0.202707 0 150.88 22.2534 2.30769e-06 2022_06_24_17_34_51
0.65085 0.21107 0 157.239 21.7447 1.68425e-06 2022_06_24_17_34_51
0.98968 0 0 140.647 15.8703 1.22924e-06 2022_06_24_17_34_51
0.710301 0.209787 0 149.801 16.9363 8.97153e-07 2022_06_24_17_34_52
0.716239 0.203801 0 156.533 18.1011 6.54782e-07 2022_06_24_17_34_52
0.720169 0.202744 0 161.424 19.1925 4.77888e-07 2022_06_24_17_34_52
0.719398 0.202837 0 164.678 20.4379 3.48784e-07 2022_06_24_17_34_52
0.704511 0.210836 0 167.153 20.4019 2.54558e-07 2022_06_24_17_34_52
